-0.14663852707370906  28.369707214672786
-24.49556805621015  -14.311835582570854
24.642193246101634  -14.057855150510392
43.231856592232944  -66.37646685869433
33.5152635648843  -93.55531495387358
64.7354093451643  -78.29963585164518
49.90654236502744  -89.61739028916445
79.1393588484714  -3.4337591180198683
97.5901771169483  18.7623928833056
100.34665409586165  -15.876243985946212
102.5423092530394  2.6484951497365192
35.86777450114698  70.62812837470499
52.65767443548056  88.02902374608463
64.26365203475409  75.8027210705745
35.44177651474367  95.21232866623615
-36.5959541460404  70.25358339837673
-53.56482570288421  87.47999382022792
-65.04380109247523  75.13437157893537
-36.424101487763785  94.84087586540977
-42.54340974975608  -66.81981488759725
-32.54637106072626  -93.89676896764263
-48.97747957926828  -90.128497698941
-63.92255230804256  -78.96463828739552
-102.56420909321348  1.5883608399649578
-97.77891222843351  17.752588090350912
-100.1771796570809  -16.91269444492967
-79.09963922488814  -4.251654621649986



Edge List:
0 1
1 2
0 2
1 19
19 20
19 21
19 22
20 22
20 21
21 22
1 26
26 23
26 24
26 25
25 23
25 24
24 23
0 11
11 14
11 12
11 13
12 13
12 14
13 14
0 15
15 16
15 17
15 18
16 17
16 18
17 18
2 7
7 8
7 9
7 10
8 9
8 10
9 10
2 3
3 4
3 5
3 6
4 5
4 6
5 6
